max 0 Provo-Orem_UT.txt 524217 22.40 18.32 19.89 13.45 9.48 7.18 4.69 2.93 1.65 err = 0.38028
min 0 Punta_Gorda_FL.txt 159487 7.44 9.56 6.30 7.33 11.68 14.17 18.84 15.26 9.42 err = 3.89404

max 1 Merced_CA.txt 252194 17.84 19.46 13.72 12.76 12.71 10.53 6.84 3.82 2.32 err = 0.15471
min 1 Punta_Gorda_FL.txt 159487 7.44 9.56 6.30 7.33 11.68 14.17 18.84 15.26 9.42 err = 3.89404

max 2 Ames_IA.txt 89537 12.01 14.50 28.78 11.20 9.63 10.32 6.57 3.98 3.01 err = 0.02668
min 2 Punta_Gorda_FL.txt 159487 7.44 9.56 6.30 7.33 11.68 14.17 18.84 15.26 9.42 err = 3.89404

max 3 Hanford-Corcoran_CA.txt 152552 16.65 15.20 17.38 16.39 13.32 10.13 5.69 3.28 1.97 err = 0.26010
min 3 Punta_Gorda_FL.txt 159487 7.44 9.56 6.30 7.33 11.68 14.17 18.84 15.26 9.42 err = 3.89404

max 4 Manchester-Nashua_NH.txt 399192 12.74 13.92 11.58 12.87 16.82 14.80 9.13 4.89 3.25 err = 0.00694
min 4 Provo-Orem_UT.txt 524217 22.40 18.32 19.89 13.45 9.48 7.18 4.69 2.93 1.65 err = 0.38028

max 5 Kauai_HI.txt 66297 11.97 12.82 10.25 11.16 14.78 17.02 11.85 5.80 4.35 err = 0.08028
min 5 Provo-Orem_UT.txt 524217 22.40 18.32 19.89 13.45 9.48 7.18 4.69 2.93 1.65 err = 0.38028

max 6 Punta_Gorda_FL.txt 159487 7.44 9.56 6.30 7.33 11.68 14.17 18.84 15.26 9.42 err = 3.89404
min 6 Provo-Orem_UT.txt 524217 22.40 18.32 19.89 13.45 9.48 7.18 4.69 2.93 1.65 err = 0.38028

max 7 Punta_Gorda_FL.txt 159487 7.44 9.56 6.30 7.33 11.68 14.17 18.84 15.26 9.42 err = 3.89404
min 7 Fairbanks_AK.txt 96482 16.23 14.34 18.18 13.80 13.44 12.93 7.43 2.53 1.13 err = 0.62410

max 8 Punta_Gorda_FL.txt 159487 7.44 9.56 6.30 7.33 11.68 14.17 18.84 15.26 9.42 err = 3.89404
min 8 Fairbanks_AK.txt 96482 16.23 14.34 18.18 13.80 13.44 12.93 7.43 2.53 1.13 err = 0.62410

