250694 13.34 14.44 12.91 12.30 13.83 13.69 9.42 5.51 3.50
Abilene_TX.txt 163633 14.01 13.68 16.22 11.41 13.02 12.69 9.05 6.45 3.47 err = 0.00010
Akron_OH.txt 700204 12.06 14.36 12.76 11.52 14.63 14.69 9.79 6.09 4.08 err = 0.03738
Albany-Schenectady-Troy_NY.txt 863372 11.46 14.20 12.84 11.62 15.17 14.57 10.09 5.68 4.37 err = 0.08410
Albany_GA.txt 156698 15.00 15.73 13.73 12.00 13.04 13.12 9.37 5.06 2.96 err = 0.03240
Albuquerque_NM.txt 880907 14.61 14.10 13.35 12.96 13.70 13.59 9.35 5.19 3.16 err = 0.01284
Alexandria_LA.txt 152849 15.45 14.46 11.63 12.16 13.83 13.55 9.43 6.20 3.30 err = 0.00444
Allentown-Bethlehem-Easton_PA-NJ.txt 817572 12.81 13.87 11.01 11.98 15.11 14.39 9.85 6.27 4.71 err = 0.16268
Altoona_PA.txt 126228 11.26 13.32 11.13 11.36 13.77 14.98 11.13 7.54 5.52 err = 0.45338
Amarillo_TX.txt 252207 15.42 15.30 13.90 13.33 12.91 12.59 8.34 5.35 2.85 err = 0.04694
Ames_IA.txt 89537 12.01 14.50 28.78 11.20 9.63 10.32 6.57 3.98 3.01 err = 0.02668
Anchorage_AK.txt 377027 15.38 16.03 14.41 13.16 14.91 14.14 7.51 2.98 1.47 err = 0.45788
Ann_Arbor_MI.txt 343322 11.51 14.50 19.76 12.31 13.42 13.43 8.54 3.80 2.72 err = 0.06760
Anniston-Oxford_AL.txt 117602 12.80 14.18 12.96 11.79 13.93 14.23 10.08 6.65 3.38 err = 0.00160
Appleton_WI.txt 224215 13.67 14.38 12.24 13.28 16.16 13.86 8.31 4.83 3.27 err = 0.00588
Asheville_NC.txt 422457 11.19 12.10 11.24 12.42 13.51 14.25 12.18 8.01 5.10 err = 0.28444
Athens-Clarke_County_GA.txt 192487 12.63 15.63 21.13 12.32 11.60 11.50 8.02 4.55 2.61 err = 0.08801
Atlanta-Sandy_Springs-Marietta_GA.txt 5264501 15.39 15.29 12.74 15.17 15.59 12.51 7.71 3.65 1.96 err = 0.26351
Atlantic_City_NJ.txt 272891 12.87 14.58 11.15 11.00 15.77 14.44 10.39 5.86 3.95 err = 0.02250
Auburn-Opelika_AL.txt 139896 12.95 15.09 22.74 12.68 12.05 11.25 7.10 4.07 2.08 err = 0.22404
Augusta-Richmond_County_GA-SC.txt 562252 14.05 14.93 12.65 12.24 14.17 13.69 9.92 5.37 2.97 err = 0.03121
Austin-Round_Rock_TX.txt 1707666 15.42 14.24 16.45 16.21 14.01 11.43 7.00 3.33 1.90 err = 0.28444
Bakersfield_CA.txt 833777 17.93 17.65 14.14 13.17 13.31 11.14 6.81 3.75 2.10 err = 0.21778
Baltimore-Towson_MD.txt 2693542 12.77 14.31 13.08 12.42 15.10 14.11 9.41 5.18 3.61 err = 0.00134
Bangor_ME.txt 152684 11.22 13.51 13.97 10.98 14.35 15.65 9.94 6.46 3.93 err = 0.02054
Barnstable_Town_MA.txt 214710 9.31 11.21 7.55 9.01 13.64 16.31 14.91 10.82 7.25 err = 1.56250
Baton_Rouge_LA.txt 799369 14.46 14.76 15.43 12.88 13.62 12.98 8.64 4.49 2.74 err = 0.06418
Battle_Creek_MI.txt 134778 12.91 15.61 11.33 11.18 14.31 14.41 9.90 6.17 4.17 err = 0.04988
Bay_City_MI.txt 106815 12.24 13.29 10.65 11.13 14.97 14.93 11.10 6.54 5.16 err = 0.30618
Beaumont-Port_Arthur_TX.txt 401771 13.74 14.61 13.26 12.28 13.99 13.62 9.22 5.68 3.61 err = 0.00134
Bellingham_WA.txt 200543 11.14 15.47 15.83 11.56 12.81 14.40 10.17 4.98 3.64 err = 0.00218
Bend_OR.txt 156458 13.08 13.11 10.84 12.96 13.98 14.28 12.26 6.00 3.49 err = 0.00001
Billings_MT.txt 157461 13.89 12.81 12.57 11.30 14.05 15.64 9.43 6.23 4.08 err = 0.03738
Binghamton_NY.txt 249611 11.27 13.88 13.53 10.38 13.96 14.58 10.45 6.96 5.00 err = 0.25000
Birmingham-Hoover_AL.txt 1124035 13.69 14.24 12.54 13.32 14.00 13.70 9.61 5.47 3.43 err = 0.00054
Bismarck_ND.txt 114004 12.57 13.64 13.87 11.85 14.10 14.86 9.22 5.60 4.30 err = 0.07111
Blacksburg-Christiansburg-Radford_VA.txt 178435 10.13 14.54 22.33 11.26 12.08 11.25 9.55 5.52 3.34 err = 0.00284
Bloomington_IN.txt 158845 10.56 15.07 25.08 11.22 11.29 10.99 8.23 4.40 3.16 err = 0.01284
Boise_City-Nampa_ID.txt 613189 16.74 15.02 12.67 14.01 13.78 12.33 8.13 4.44 2.87 err = 0.04410
Boston-Cambridge-Quincy_MA-NH.txt 4527626 11.96 13.83 13.77 12.85 15.40 13.83 9.08 5.37 3.91 err = 0.01868
Boulder_CO.txt 293346 11.88 13.69 17.26 13.13 15.04 14.32 8.22 3.98 2.48 err = 0.11560
Bowling_Green_KY.txt 158354 13.64 14.69 15.34 13.36 13.37 12.61 8.96 5.25 2.79 err = 0.05601
Bremerton-Silverdale_WA.txt 249646 12.27 14.15 12.93 11.52 14.53 15.26 11.14 4.99 3.21 err = 0.00934
Bridgeport-Stamford-Norwalk_CT.txt 912796 13.34 14.74 10.52 12.19 16.30 14.14 9.29 5.25 4.22 err = 0.05760
Brownsville-Harlingen_TX.txt 405040 18.98 18.61 12.67 12.87 11.38 10.29 7.63 5.05 2.53 err = 0.10454
Brunswick_GA.txt 111965 12.94 14.53 11.23 11.32 14.26 14.03 11.65 6.73 3.32 err = 0.00360
Buffalo-Niagara_Falls_NY.txt 1127331 11.41 14.16 12.46 11.01 14.49 14.93 10.02 6.57 4.95 err = 0.23361
Burlington-South_Burlington_VT.txt 210724 11.21 15.09 15.20 11.82 15.54 14.31 8.96 4.52 3.36 err = 0.00218
Burlington_NC.txt 150471 14.25 14.26 12.46 12.63 14.19 13.25 9.21 5.38 4.37 err = 0.08410
Canton-Massillon_OH.txt 403036 12.49 14.08 10.73 10.91 14.36 15.36 10.68 6.59 4.80 err = 0.18778
Cape_Coral-Fort_Myers_FL.txt 615514 11.15 11.72 9.29 10.51 12.62 13.70 14.73 10.27 6.01 err = 0.70001
Carson_City_NV.txt 55426 11.92 13.16 10.83 11.88 14.63 14.61 11.77 6.68 4.53 err = 0.11788
Casper_WY.txt 75200 13.50 13.35 13.62 13.08 12.98 15.54 9.10 5.14 3.70 err = 0.00444
Cedar_Rapids_IA.txt 256695 14.10 14.04 12.64 12.79 14.09 14.02 8.82 5.38 4.10 err = 0.04000
Champaign-Urbana_IL.txt 231143 11.54 14.51 23.43 11.89 11.28 11.69 7.71 4.79 3.16 err = 0.01284
Charleston-North_Charleston_SC.txt 662111 13.96 13.49 14.90 13.78 13.82 12.99 9.70 4.74 2.62 err = 0.08604
Charleston_WV.txt 226792 11.68 12.05 10.87 12.30 13.59 16.53 10.87 7.65 4.46 err = 0.10240
Charlotte-Gastonia-Concord_NC-SC.txt 2210164 14.85 14.52 12.32 14.67 15.42 12.41 8.65 4.57 2.59 err = 0.09201
Charlottesville_VA.txt 218015 11.51 13.93 16.14 11.62 13.77 13.13 10.26 5.97 3.66 err = 0.00284
Chattanooga_TN-GA.txt 526136 13.13 13.60 11.80 12.38 14.23 14.19 10.76 6.37 3.55 err = 0.00028
Cheyenne_WY.txt 91323 12.61 14.02 15.00 12.41 13.71 14.56 9.42 4.98 3.28 err = 0.00538
Chicago-Naperville-Joliet_IL-IN-WI.txt 9407929 14.23 15.00 13.32 13.78 14.46 13.08 8.23 4.70 3.21 err = 0.00934
Chico_CA.txt 218616 11.89 14.21 15.46 10.30 12.22 14.13 10.39 6.50 4.90 err = 0.21778
Cincinnati-Middletown_OH-KY-IN.txt 2105034 14.12 14.64 12.45 12.60 14.84 13.95 8.86 5.14 3.40 err = 0.00111
Clarksville_TN-KY.txt 258875 17.65 14.23 16.80 14.71 12.64 10.43 7.24 4.06 2.24 err = 0.17640
Cleveland-Elyria-Mentor_OH.txt 2068846 12.19 14.38 11.23 11.62 14.57 15.02 10.12 6.23 4.65 err = 0.14694
Cleveland_TN.txt 115652 13.35 13.97 11.57 12.76 14.49 12.78 11.15 6.90 3.04 err = 0.02351
Coeur_d'Alene_ID.txt 138217 13.77 15.15 11.07 12.01 13.35 14.44 10.88 6.01 3.32 err = 0.00360
College_Station-Bryan_TX.txt 228446 13.19 16.48 27.27 11.02 10.44 9.04 6.43 3.97 2.17 err = 0.19654
Colorado_Springs_CO.txt 644305 15.02 14.40 13.99 13.19 15.02 13.29 8.55 4.15 2.40 err = 0.13444
Columbia_MO.txt 161918 12.17 14.84 23.76 12.25 12.25 11.24 6.96 3.87 2.65 err = 0.08028
Columbia_SC.txt 764106 13.47 14.59 14.61 13.31 14.13 13.26 9.27 4.71 2.64 err = 0.08218
Columbus_GA-AL.txt 294064 14.36 15.09 13.82 13.38 13.60 12.38 8.94 5.34 3.09 err = 0.01868
Columbus_IN.txt 77033 14.29 14.05 11.92 13.54 13.92 13.99 9.48 5.68 3.14 err = 0.01440
Columbus_OH.txt 1896579 14.24 14.24 14.43 13.92 14.56 13.06 8.21 4.53 2.81 err = 0.05290
Corpus_Christi_TX.txt 425181 14.80 15.53 13.43 12.01 12.98 13.10 9.39 5.41 3.36 err = 0.00218
Corvallis_OR.txt 84806 10.43 15.20 21.33 10.63 11.79 13.65 9.05 4.63 3.29 err = 0.00490
Cumberland_MD-WV.txt 103001 9.71 13.77 13.15 11.28 14.31 13.70 11.56 7.93 4.58 err = 0.12960
Dallas-Fort_Worth-Arlington_TX.txt 6408159 16.33 15.57 13.45 14.88 14.79 11.91 7.37 3.60 2.10 err = 0.21778
Dalton_GA.txt 142264 16.53 15.85 12.40 13.76 14.67 11.53 8.21 4.86 2.19 err = 0.19068
Danville_IL.txt 81098 13.77 14.10 10.76 11.59 12.78 14.23 10.89 7.29 4.59 err = 0.13201
Danville_VA.txt 106257 11.28 13.07 10.42 10.95 14.15 15.37 12.36 7.55 4.85 err = 0.20250
Davenport-Moline-Rock_Island_IA-IL.txt 378522 13.00 14.12 11.66 12.17 13.64 14.49 10.41 6.16 4.35 err = 0.08028
Dayton_OH.txt 795561 12.44 14.58 12.61 11.80 13.89 13.85 10.22 6.31 4.31 err = 0.07290
Decatur_AL.txt 153200 13.34 13.89 11.27 12.54 15.11 13.95 10.28 6.15 3.46 err = 0.00018
Decatur_IL.txt 109902 13.55 13.03 11.32 11.14 12.77 14.87 11.38 6.96 4.98 err = 0.24338
Deltona-Daytona_Beach-Ormond_Beach_FL.txt 587490 10.23 12.39 9.79 10.26 13.23 15.19 13.34 9.38 6.19 err = 0.80401
Denver-Aurora_CO.txt 2533452 14.61 13.82 13.41 14.92 14.90 13.41 8.26 4.06 2.61 err = 0.08801
Des_Moines-West_Des_Moines_IA.txt 567437 15.31 14.26 13.38 14.05 14.38 12.52 8.29 4.66 3.15 err = 0.01361
Detroit-Warren-Livonia_MI.txt 4277707 13.05 15.15 11.04 12.48 15.09 14.72 9.24 5.40 3.83 err = 0.01210
Dothan_AL.txt 144848 13.69 13.83 10.87 12.52 13.59 14.05 10.79 6.94 3.73 err = 0.00588
Dover_DE.txt 161383 14.09 15.57 12.77 12.21 14.20 12.36 10.05 5.73 3.01 err = 0.02668
Dubuque_IA.txt 92541 12.54 15.05 13.47 10.90 14.23 13.69 9.66 6.20 4.26 err = 0.06418
Duluth_MN-WI.txt 277014 11.41 13.54 13.90 10.89 13.48 15.42 10.41 6.11 4.84 err = 0.19951
Durham_NC.txt 501260 13.56 13.68 15.88 14.16 13.42 13.07 8.74 4.51 2.97 err = 0.03121
Eau_Claire_WI.txt 160309 11.27 14.84 16.28 11.55 13.60 13.30 9.65 5.51 4.00 err = 0.02778
El_Centro_CA.txt 173215 16.81 17.60 14.00 12.63 13.21 11.30 7.06 4.57 2.82 err = 0.05138
El_Paso_TX.txt 799891 16.67 18.30 13.76 12.96 12.97 11.11 6.93 4.73 2.59 err = 0.09201
Elizabethtown_KY.txt 147618 14.56 15.17 12.11 12.95 14.74 13.58 9.43 4.62 2.83 err = 0.04988
Elkhart-Goshen_IN.txt 196445 16.04 16.10 11.94 12.56 13.56 13.07 8.51 4.96 3.25 err = 0.00694
Elmira_NY.txt 88540 12.01 14.39 11.84 11.03 14.50 14.62 10.59 6.45 4.59 err = 0.13201
Erie_PA.txt 278027 12.25 15.19 13.21 11.06 13.69 14.57 9.53 5.90 4.61 err = 0.13690
Eugene-Springfield_OR.txt 348352 10.72 13.43 14.85 12.30 12.38 14.85 11.07 5.98 4.41 err = 0.09201
Evansville_IN-KY.txt 309065 13.25 13.88 12.93 12.13 13.56 14.69 9.64 5.83 4.09 err = 0.03868
Fairbanks_AK.txt 96482 16.23 14.34 18.18 13.80 13.44 12.93 7.43 2.53 1.13 err = 0.62410
Fargo_ND-MN.txt 207990 13.50 13.79 20.43 13.01 12.57 11.83 7.28 4.52 3.07 err = 0.02054
Farmington_NM.txt 129551 15.84 16.86 13.83 11.93 13.14 13.58 7.98 4.13 2.71 err = 0.06934
Fayetteville-Springdale-Rogers_AR-MO.txt 461513 16.26 14.91 14.57 13.89 13.18 11.17 8.05 5.04 2.93 err = 0.03610
Fayetteville_NC.txt 365218 15.96 15.21 16.61 14.21 13.32 11.24 7.38 3.95 2.12 err = 0.21160
Flagstaff_AZ.txt 132876 13.62 16.69 18.26 12.08 12.02 13.36 8.16 3.92 1.89 err = 0.28801
Flint_MI.txt 422364 13.24 15.24 11.02 12.52 14.38 14.17 10.00 5.90 3.54 err = 0.00018
Florence-Muscle_Shoals_AL.txt 146153 11.98 13.64 11.66 11.10 13.85 13.92 11.63 7.95 4.27 err = 0.06588
Florence_SC.txt 204746 14.17 14.26 11.42 12.76 13.41 14.73 10.66 5.51 3.08 err = 0.01960
Fond_du_Lac_WI.txt 100590 12.41 13.52 11.56 12.06 15.11 14.35 10.05 6.40 4.55 err = 0.12250
Fort_Collins-Loveland_CO.txt 297549 12.65 13.34 17.08 12.54 13.29 14.11 9.03 4.69 3.27 err = 0.00588
Fort_Smith_AR-OK.txt 280270 14.27 14.47 12.22 11.94 14.53 13.52 10.01 5.70 3.34 err = 0.00284
Fort_Wayne_IN.txt 415154 14.82 15.18 12.53 12.84 13.71 13.59 8.61 5.09 3.63 err = 0.00188
Fresno_CA.txt 922792 17.18 17.77 14.77 12.71 12.55 10.75 7.32 4.02 2.92 err = 0.03738
Gadsden_AL.txt 104609 12.93 13.83 11.30 12.34 13.35 13.84 11.29 6.79 4.33 err = 0.07654
Gainesville_FL.txt 262635 11.20 13.97 23.26 11.64 11.63 12.12 8.32 4.65 3.23 err = 0.00810
Gainesville_GA.txt 177731 16.59 15.43 12.99 13.29 14.35 11.70 8.56 4.51 2.58 err = 0.09404
Glens_Falls_NY.txt 127874 10.14 13.24 11.70 11.39 15.66 15.75 11.30 6.76 4.06 err = 0.03484
Goldsboro_NC.txt 122213 14.54 14.35 13.23 12.89 13.69 13.47 9.10 5.86 2.87 err = 0.04410
Grand_Forks_ND-MN.txt 98085 12.14 14.97 19.16 10.91 12.62 13.46 8.36 4.64 3.74 err = 0.00640
Grand_Junction_CO.txt 146155 13.16 13.89 13.49 12.50 12.13 14.52 9.74 6.29 4.27 err = 0.06588
Grand_Rapids-Wyoming_MI.txt 982466 14.68 15.42 13.80 12.41 14.06 13.04 8.54 4.64 3.41 err = 0.00090
Great_Falls_MT.txt 80336 12.75 14.25 12.13 11.18 13.26 15.20 9.99 6.94 4.30 err = 0.07111
Greeley_CO.txt 251768 16.53 15.16 14.08 14.09 13.57 12.86 7.29 4.20 2.22 err = 0.18204
Green_Bay_WI.txt 304918 13.85 14.23 12.86 12.18 15.45 14.28 8.47 5.17 3.50 err = 0.00000
Greensboro-High_Point_NC.txt 720200 13.23 14.86 12.57 13.02 14.65 13.10 9.70 5.57 3.30 err = 0.00444
Greenville-Mauldin-Easley_SC.txt 821132 13.57 14.29 12.61 12.64 14.29 13.27 10.25 5.78 3.30 err = 0.00444
Greenville_NC.txt 166723 12.80 15.57 19.85 12.29 12.91 11.98 7.56 4.37 2.69 err = 0.07290
Gulfport-Biloxi_MS.txt 368684 13.41 14.67 13.04 12.61 14.67 13.74 9.63 5.61 2.62 err = 0.08604
Hagerstown-Martinsburg_MD-WV.txt 250455 13.77 13.26 11.56 13.74 15.64 13.71 9.53 5.41 3.39 err = 0.00134
Hanford-Corcoran_CA.txt 152552 16.65 15.20 17.38 16.39 13.32 10.13 5.69 3.28 1.97 err = 0.26010
Harrisburg-Carlisle_PA.txt 545051 11.96 13.56 12.39 12.21 14.40 15.21 10.01 5.99 4.28 err = 0.06760
Harrisonburg_VA.txt 125193 11.91 15.25 20.42 10.84 12.62 11.22 8.29 5.60 3.84 err = 0.01284
Hartford-West_Hartford-East_Hartford_CT.txt 1204350 12.12 14.35 12.06 11.49 15.45 14.49 9.84 5.79 4.41 err = 0.09201
Hattiesburg_MS.txt 142121 14.55 15.47 15.91 12.63 12.86 11.84 8.49 4.98 3.28 err = 0.00538
Hawaii_HI.txt 183481 12.76 13.94 10.91 10.97 13.17 16.79 12.15 5.73 3.57 err = 0.00054
Hickory-Lenoir-Morganton_NC.txt 363139 12.24 13.91 10.03 12.75 15.29 14.63 11.09 6.47 3.58 err = 0.00071
Hinesville-Fort_Stewart_GA.txt 77840 18.68 16.28 17.84 13.47 13.44 9.89 6.46 2.62 1.34 err = 0.51840
Honolulu_HI.txt 944984 13.02 13.30 14.11 13.11 14.00 12.63 9.57 5.92 4.33 err = 0.07654
Hot_Springs_AR.txt 95080 11.23 12.17 9.73 10.12 13.54 15.16 12.96 9.56 5.53 err = 0.45788
Houma-Bayou_Cane-Thibodaux_LA.txt 207518 14.71 14.62 12.97 12.14 15.05 13.09 9.61 5.24 2.57 err = 0.09610
Houston-Sugar_Land-Baytown_TX.txt 5886884 16.46 15.88 13.57 14.69 14.24 12.45 7.23 3.53 1.94 err = 0.27040
Huntington-Ashland_WV-KY-OH.txt 363014 12.07 13.06 11.75 12.41 13.71 14.93 11.15 6.98 3.94 err = 0.02151
Huntsville_AL.txt 416955 12.95 14.14 13.26 12.65 16.15 13.27 9.17 5.72 2.68 err = 0.07471
Idaho_Falls_ID.txt 132376 18.51 15.78 13.94 12.97 11.64 12.07 7.69 4.45 2.94 err = 0.03484
Indianapolis-Carmel_IN.txt 1879867 14.86 14.59 12.66 13.82 14.91 13.11 8.30 4.71 3.04 err = 0.02351
Iowa_City_IA.txt 152357 12.19 13.92 23.61 12.22 11.99 11.63 7.47 3.86 3.11 err = 0.01690
Ithaca_NY.txt 100867 8.66 17.23 23.77 10.81 11.03 12.05 8.74 4.28 3.43 err = 0.00054
Jackson_MI.txt 160223 12.46 15.06 11.37 12.50 14.77 14.31 10.05 5.70 3.77 err = 0.00810
Jackson_MS.txt 563996 14.81 15.80 13.32 12.92 13.57 13.39 8.49 4.73 2.96 err = 0.03240
Jackson_TN.txt 128919 14.07 15.55 12.45 12.36 12.95 13.84 9.64 5.29 3.87 err = 0.01521
Jacksonville_FL.txt 1340415 13.61 14.26 12.68 13.10 15.16 13.71 9.41 5.05 3.02 err = 0.02560
Jacksonville_NC.txt 177025 16.84 13.27 24.43 14.14 10.92 9.33 6.10 3.38 1.59 err = 0.40534
Janesville_WI.txt 160265 14.01 15.26 11.54 12.21 14.96 13.54 9.40 5.71 3.36 err = 0.00218
Jefferson_City_MO.txt 148580 13.67 13.95 12.75 13.11 14.44 13.75 9.65 5.13 3.55 err = 0.00028
Johnson_City_TN.txt 198328 10.70 13.16 13.26 12.62 14.11 13.88 11.29 6.86 4.13 err = 0.04410
Johnstown_PA.txt 142697 10.52 12.82 10.87 10.99 13.49 15.56 11.60 7.92 6.23 err = 0.82810
Jonesboro_AR.txt 120243 14.75 14.55 14.62 12.61 13.09 11.78 10.08 5.08 3.44 err = 0.00040
Joplin_MO.txt 175465 14.99 14.73 12.40 11.72 13.26 13.10 9.66 6.12 4.02 err = 0.03004
Kalamazoo-Portage_MI.txt 324801 13.49 14.89 15.77 11.34 13.24 13.35 9.07 5.38 3.46 err = 0.00018
Kankakee-Bradley_IL.txt 111477 14.12 15.48 12.63 12.41 13.67 12.97 9.38 5.29 4.05 err = 0.03361
Kansas_City_MO-KS.txt 2001732 14.77 14.19 12.53 13.47 14.44 13.50 8.75 4.87 3.48 err = 0.00004
Kauai_HI.txt 66297 11.97 12.82 10.25 11.16 14.78 17.02 11.85 5.80 4.35 err = 0.08028
Kennewick-Richland-Pasco_WA.txt 253206 17.48 16.12 13.03 12.66 13.27 12.43 8.09 4.21 2.69 err = 0.07290
Killeen-Temple-Fort_Hood_TX.txt 404030 16.93 15.20 16.48 14.71 13.08 10.34 7.06 4.08 2.12 err = 0.21160
Kingsport-Bristol-Bristol_TN-VA.txt 308314 11.44 11.95 10.32 12.52 14.45 14.51 12.45 8.10 4.27 err = 0.06588
Kingston_NY.txt 177427 10.81 13.39 11.64 11.44 15.57 15.74 11.30 5.98 4.13 err = 0.04410
Knoxville_TN.txt 834989 12.09 13.37 12.74 12.37 14.28 13.95 10.99 6.56 3.66 err = 0.00284
Kokomo_IN.txt 82101 12.96 13.17 11.85 11.76 13.80 14.88 11.14 6.53 3.91 err = 0.01868
La_Crosse_WI-MN.txt 132666 12.05 14.46 16.37 10.74 13.98 13.78 8.29 6.08 4.25 err = 0.06250
Lafayette_IN.txt 201777 12.92 15.49 23.51 11.72 11.10 10.86 6.90 4.55 2.95 err = 0.03361
Lafayette_LA.txt 464078 14.61 15.05 14.35 12.43 14.26 13.02 8.48 5.11 2.70 err = 0.07111
Lake_Charles_LA.txt 198986 15.19 14.11 13.88 11.77 13.71 13.63 8.98 5.50 3.24 err = 0.00751
Lake_Havasu_City-Kingman_AZ.txt 199108 11.52 12.19 8.70 9.18 12.05 14.65 15.76 11.14 4.82 err = 0.19360
Lakeland_FL.txt 600593 13.81 13.56 11.53 11.55 12.85 12.61 11.78 7.92 4.39 err = 0.08801
Lancaster_PA.txt 518974 13.63 15.22 12.17 11.85 13.58 13.51 9.20 6.18 4.67 err = 0.15210
Lansing-East_Lansing_MI.txt 461074 12.20 15.09 17.28 11.53 13.29 13.94 8.87 4.75 3.05 err = 0.02250
Laredo_TX.txt 249691 21.33 19.26 13.94 14.18 11.63 8.80 5.90 3.15 1.81 err = 0.31734
Las_Cruces_NM.txt 207836 15.09 16.74 14.97 11.57 12.46 11.83 8.96 5.59 2.78 err = 0.05760
Las_Vegas-Paradise_NV.txt 1941181 14.96 14.22 13.44 14.93 14.18 11.99 9.19 4.79 2.29 err = 0.16268
Lawrence_KS.txt 110315 11.47 14.85 26.75 11.95 11.22 10.75 6.97 3.42 2.63 err = 0.08410
Lawton_OK.txt 129933 15.78 13.87 16.71 13.44 13.43 11.71 7.21 5.31 2.55 err = 0.10028
Lebanon_PA.txt 132608 12.94 13.74 10.71 11.44 14.41 14.01 11.30 6.90 4.55 err = 0.12250
Lewiston-Auburn_ME.txt 107134 12.24 13.19 12.11 12.43 15.59 14.46 10.08 5.57 4.33 err = 0.07654
Lewiston_ID-WA.txt 60593 12.04 13.16 11.43 10.68 12.64 14.65 11.23 8.30 5.87 err = 0.62410
Lexington-Fayette_KY.txt 470125 13.51 14.02 16.04 13.76 13.98 12.82 8.59 4.48 2.80 err = 0.05444
Lima_OH.txt 105718 14.14 14.67 12.03 11.46 12.59 14.58 9.66 6.26 4.60 err = 0.13444
Lincoln_NE.txt 300169 13.72 14.39 18.32 12.76 12.16 12.63 8.20 4.48 3.34 err = 0.00284
Little_Rock-North_Little_Rock-Conway_AR.txt 694301 14.33 14.23 13.59 13.55 13.75 13.31 8.99 5.15 3.12 err = 0.01604
Logan_UT-ID.txt 125619 19.66 18.30 19.13 13.07 9.88 8.75 5.43 3.68 2.11 err = 0.21468
Longview_TX.txt 212824 14.29 14.56 12.70 12.15 13.45 13.50 9.64 5.95 3.75 err = 0.00694
Longview_WA.txt 101832 13.84 14.22 10.30 11.84 13.25 14.81 11.28 6.50 3.98 err = 0.02560
Los_Angeles-Long_Beach-Santa_Ana_CA.txt 12702567 13.92 15.78 14.28 14.15 14.52 12.19 7.66 4.48 3.02 err = 0.02560
Lubbock_TX.txt 289186 14.20 15.61 19.79 11.53 11.87 11.56 7.69 4.70 3.05 err = 0.02250
Lynchburg_VA.txt 251929 11.17 14.58 13.53 10.77 14.02 13.90 10.83 7.03 4.17 err = 0.04988
Macon_GA.txt 230897 14.18 15.61 11.78 11.77 13.91 13.79 9.79 5.83 3.34 err = 0.00284
Madera_CA.txt 149469 16.16 16.99 13.11 13.05 12.93 11.26 8.45 5.13 2.92 err = 0.03738
Madison_WI.txt 602554 12.91 12.72 16.66 13.10 14.45 14.03 8.41 4.49 3.25 err = 0.00694
Manchester-Nashua_NH.txt 399192 12.74 13.92 11.58 12.87 16.82 14.80 9.13 4.89 3.25 err = 0.00694
Mansfield_OH.txt 123830 12.09 13.78 10.69 11.45 14.71 14.77 10.37 7.60 4.55 err = 0.12250
Maui_HI.txt 153197 13.27 12.71 11.21 12.89 14.76 15.49 10.82 5.10 3.74 err = 0.00640
McAllen-Edinburg-Mission_TX.txt 768693 20.63 19.12 13.17 14.02 11.48 8.73 6.37 4.16 2.31 err = 0.15734
Medford_OR.txt 201331 11.97 13.63 11.55 11.05 12.41 14.77 12.30 7.28 5.05 err = 0.26694
Memphis_TN-MS-AR.txt 1319837 14.85 16.10 12.72 13.51 14.08 13.27 8.37 4.49 2.61 err = 0.08801
Merced_CA.txt 252194 17.84 19.46 13.72 12.76 12.71 10.53 6.84 3.82 2.32 err = 0.15471
Miami-Fort_Lauderdale-Pompano_Beach_FL.txt 5534192 12.52 13.95 11.80 12.85 15.17 12.85 9.49 6.49 4.89 err = 0.21468
Michigan_City-La_Porte_IN.txt 111254 12.48 13.72 11.29 12.92 14.62 15.06 9.96 6.28 3.67 err = 0.00321
Midland_TX.txt 140717 15.67 16.14 14.31 11.78 13.10 13.57 7.86 4.83 2.74 err = 0.06418
Milwaukee-Waukesha-West_Allis_WI.txt 1548784 13.51 14.99 12.94 12.54 14.27 14.15 8.63 5.03 3.94 err = 0.02151
Minneapolis-St_Paul-Bloomington_MN-WI.txt 3329274 14.24 14.54 13.45 13.52 15.28 13.60 8.05 4.39 2.94 err = 0.03484
Missoula_MT.txt 108689 11.53 13.69 18.02 12.18 13.28 13.83 10.03 4.33 3.12 err = 0.01604
Mobile_AL.txt 410279 14.14 15.32 12.91 12.23 13.25 13.79 9.56 5.56 3.25 err = 0.00694
Modesto_CA.txt 510835 16.15 17.61 13.06 13.03 13.62 11.86 7.49 4.17 3.00 err = 0.02778
Monroe_LA.txt 175508 15.05 15.40 13.09 11.88 13.01 12.99 9.43 5.67 3.48 err = 0.00004
Monroe_MI.txt 151023 12.33 15.23 10.70 12.04 15.21 16.03 9.54 5.27 3.65 err = 0.00250
Montgomery_AL.txt 373223 13.85 15.37 13.14 13.14 14.30 13.27 9.01 4.72 3.20 err = 0.01000
Morgantown_WV.txt 129327 9.37 13.57 22.13 11.43 13.05 13.33 9.02 4.92 3.17 err = 0.01210
Morristown_TN.txt 113594 12.63 13.60 11.52 13.27 13.38 13.74 11.47 6.82 3.58 err = 0.00071
Mount_Vernon-Anacortes_WA.txt 115301 13.56 13.52 11.66 11.61 12.92 14.08 11.52 6.57 4.55 err = 0.12250
Muncie_IN.txt 116849 10.77 15.21 19.06 10.04 12.43 12.36 9.56 6.35 4.22 err = 0.05760
Muskegon-Norton_Shores_MI.txt 171137 13.28 15.34 11.84 11.65 14.53 14.81 9.14 5.68 3.74 err = 0.00640
Myrtle_Beach-Conway-North_Myrtle_Beach_SC.txt 375548 11.52 11.64 12.60 11.53 13.15 14.17 13.91 7.95 3.52 err = 0.00004
Napa_CA.txt 134386 12.69 14.51 11.79 12.70 13.95 13.51 10.03 6.02 4.80 err = 0.18778
Naples-Marco_Island_FL.txt 318739 11.35 11.53 8.13 9.84 12.14 12.52 15.62 12.26 6.60 err = 1.06778
Nashville-Davidson--Murfreesboro--Franklin_TN.txt 1666083 14.37 14.03 13.80 14.04 14.94 13.14 8.43 4.62 2.62 err = 0.08604
New_Haven-Milford_CT.txt 856971 12.28 14.78 12.30 12.30 14.66 13.78 9.61 5.52 4.77 err = 0.17921
New_Orleans-Metairie-Kenner_LA.txt 1183614 13.34 14.13 13.71 12.36 14.30 14.25 9.52 5.10 3.27 err = 0.00588
New_York-Northern_New_Jersey-Long_Island_NY-NJ-PA.txt 19390956 13.05 14.19 13.07 13.50 14.89 13.19 8.94 5.40 3.78 err = 0.00871
Niles-Benton_Harbor_MI.txt 156035 12.83 14.61 10.30 11.34 13.98 14.58 10.78 7.04 4.54 err = 0.12018
Norwich-New_London_CT.txt 271621 11.49 13.59 12.37 12.24 15.72 14.48 10.15 5.84 4.12 err = 0.04271
Ocala_FL.txt 329209 10.33 11.95 9.37 9.55 12.66 12.80 15.62 11.41 6.30 err = 0.87111
Ocean_City_NJ.txt 96339 10.14 13.29 10.74 10.20 13.05 14.93 13.53 8.70 5.42 err = 0.40960
Odessa_TX.txt 136325 17.27 15.55 15.56 11.90 12.50 12.83 7.13 4.60 2.67 err = 0.07654
Ogden-Clearfield_UT.txt 592895 19.12 16.65 14.44 14.13 11.91 10.73 6.81 3.93 2.28 err = 0.16538
Oklahoma_City_OK.txt 1247504 14.95 14.17 14.70 13.12 13.15 12.95 8.88 5.06 3.02 err = 0.02560
Olympia_WA.txt 249446 12.92 14.11 12.52 12.74 13.75 14.80 10.51 5.42 3.22 err = 0.00871
Omaha-Council_Bluffs_NE-IA.txt 860827 15.25 14.61 13.85 12.99 14.39 12.87 8.22 4.67 3.16 err = 0.01284
Orlando-Kissimmee_FL.txt 2120208 13.17 14.75 13.88 13.58 14.94 12.46 9.00 5.24 2.97 err = 0.03121
Oshkosh-Neenah_WI.txt 165794 12.20 13.27 14.98 12.23 14.77 14.04 9.26 5.35 3.90 err = 0.01778
Owensboro_KY.txt 114157 13.79 14.03 10.88 11.82 14.38 14.20 10.56 6.30 4.05 err = 0.03361
Oxnard-Thousand_Oaks-Ventura_CA.txt 812504 14.62 15.78 12.55 12.46 14.93 13.27 8.58 4.57 3.23 err = 0.00810
Palm_Bay-Melbourne-Titusville_FL.txt 542013 10.82 12.36 9.48 10.07 14.84 15.43 12.51 8.94 5.54 err = 0.46240
Panama_City-Lynn_Haven_FL.txt 184167 11.61 12.82 13.20 12.61 15.34 14.02 10.50 6.43 3.47 err = 0.00010
Parkersburg-Marietta-Vienna_WV-OH.txt 92580 12.12 12.48 10.29 12.10 14.07 15.50 11.88 7.49 4.07 err = 0.03610
Pascagoula_MS.txt 161237 13.16 15.91 11.15 13.01 15.22 13.51 10.08 5.69 2.26 err = 0.17084
Pensacola-Ferry_Pass-Brent_FL.txt 447103 12.40 14.21 13.29 12.25 14.18 14.09 10.52 5.83 3.23 err = 0.00810
Peoria_IL.txt 377846 13.47 14.42 11.88 12.28 13.24 14.19 9.89 6.26 4.36 err = 0.08218
Philadelphia-Camden-Wilmington_PA-NJ-DE-MD.txt 5925108 12.94 14.70 12.83 12.35 14.78 13.73 9.19 5.51 3.96 err = 0.02351
Phoenix-Mesa-Scottsdale_AZ.txt 4169207 15.52 14.87 13.62 13.91 13.60 11.60 8.74 5.17 2.96 err = 0.03240
Pine_Bluff_AR.txt 100284 13.32 14.03 13.42 12.03 14.00 14.31 9.83 5.72 3.34 err = 0.00284
Pittsburgh_PA.txt 2346181 10.88 12.75 11.81 11.37 14.19 15.50 10.79 7.18 5.53 err = 0.45788
Pittsfield_MA.txt 129887 10.21 13.19 10.25 10.42 14.30 15.62 11.84 7.88 6.29 err = 0.86490
Pocatello_ID.txt 82549 16.93 15.04 15.42 12.32 11.98 12.54 7.96 4.91 2.89 err = 0.04134
Port_St_Lucie_FL.txt 422322 11.60 12.62 9.22 10.44 13.55 13.57 12.81 9.76 6.42 err = 0.94738
Portland-South_Portland-Biddeford_ME.txt 511047 11.32 13.25 10.71 11.87 15.72 15.58 11.00 6.21 4.33 err = 0.07654
Portland-Vancouver-Beaverton_OR-WA.txt 2212526 13.89 13.61 13.07 14.59 14.43 13.87 8.95 4.35 3.22 err = 0.00871
Poughkeepsie-Newburgh-Middletown_NY.txt 665019 13.27 15.97 11.83 11.77 16.29 13.83 8.77 4.98 3.28 err = 0.00538
Prescott_AZ.txt 209575 9.67 11.53 9.89 9.13 11.62 15.96 16.22 10.13 5.85 err = 0.61361
Providence-New_Bedford-Fall_River_RI-MA.txt 1593000 11.83 14.36 12.64 11.89 15.11 14.19 9.46 5.88 4.63 err = 0.14188
Provo-Orem_UT.txt 524217 22.40 18.32 19.89 13.45 9.48 7.18 4.69 2.93 1.65 err = 0.38028
Pueblo_CO.txt 158362 13.49 14.62 12.13 10.93 13.14 14.21 10.48 6.39 4.61 err = 0.13690
Punta_Gorda_FL.txt 159487 7.44 9.56 6.30 7.33 11.68 14.17 18.84 15.26 9.42 err = 3.89404
Racine_WI.txt 194700 13.78 14.49 10.86 12.16 15.78 15.08 8.53 5.76 3.57 err = 0.00054
Raleigh-Cary_NC.txt 1126642 15.34 14.84 12.79 15.45 16.24 11.95 7.70 3.69 2.00 err = 0.25000
Rapid_City_SD.txt 134256 14.13 14.02 13.06 12.29 13.11 14.98 8.92 5.98 3.52 err = 0.00004
Reading_PA.txt 410031 13.81 15.31 11.46 11.23 14.92 13.52 9.47 5.93 4.35 err = 0.08028
Redding_CA.txt 175695 11.89 14.98 10.72 9.80 13.10 15.57 12.10 7.10 4.74 err = 0.17084
Reno-Sparks_NV.txt 421430 14.24 13.73 13.36 12.69 14.15 13.81 10.18 5.12 2.71 err = 0.06934
Richmond_VA.txt 1205209 13.10 14.61 12.94 12.95 15.02 14.01 9.28 4.92 3.15 err = 0.01361
Riverside-San_Bernardino-Ontario_CA.txt 4191005 16.13 17.81 13.32 13.16 13.71 11.55 7.32 4.40 2.58 err = 0.09404
Roanoke_VA.txt 307750 11.40 13.85 11.03 11.93 14.29 14.55 11.59 6.84 4.53 err = 0.11788
Rochester_MN.txt 205523 14.68 13.40 12.13 12.85 14.26 14.08 9.22 5.31 4.06 err = 0.03484
Rochester_NY.txt 1073321 12.06 15.07 12.49 11.15 14.97 14.43 9.87 5.62 4.34 err = 0.07840
Rockford_IL.txt 347760 14.24 15.38 10.84 12.71 14.42 13.63 9.72 5.23 3.84 err = 0.01284
Rocky_Mount_NC.txt 151657 13.71 14.08 10.92 11.63 14.61 14.93 10.73 6.22 3.17 err = 0.01210
Rome_GA.txt 95628 13.50 15.12 12.21 12.40 13.85 12.48 10.58 6.34 3.51 err = 0.00001
Sacramento--Arden-Arcade--Roseville_CA.txt 2135816 14.02 15.35 13.47 12.91 14.25 13.08 8.71 4.95 3.27 err = 0.00588
Saginaw-Saginaw_Township_North_MI.txt 198802 11.80 15.99 11.60 10.55 14.04 14.85 10.47 6.59 4.10 err = 0.04000
Salem_OR.txt 387352 14.88 15.58 12.70 12.57 12.59 13.23 9.36 5.26 3.82 err = 0.01138
Salinas_CA.txt 408835 16.50 15.84 14.66 14.14 12.68 11.32 7.36 4.47 3.03 err = 0.02454
Salisbury_MD.txt 371401 11.30 13.33 11.64 10.22 13.06 14.51 13.32 8.22 4.39 err = 0.08801
Salt_Lake_City_UT.txt 1081796 17.78 15.75 15.73 15.29 12.08 11.03 6.54 3.52 2.28 err = 0.16538
San_Angelo_TX.txt 110926 14.15 13.84 15.83 11.82 12.21 13.20 9.61 5.62 3.71 err = 0.00490
San_Antonio_TX.txt 2134062 15.57 15.59 13.52 13.41 13.81 12.28 8.26 4.73 2.83 err = 0.04988
San_Diego-Carlsbad-San_Marcos_CA.txt 3066772 13.50 14.61 15.46 14.05 14.08 12.48 7.92 4.63 3.26 err = 0.00640
San_Francisco-Oakland-Fremont_CA.txt 4289593 12.52 12.80 13.09 14.63 15.28 13.74 9.19 5.11 3.64 err = 0.00218
San_Jose-Sunnyvale-Santa_Clara_CA.txt 1822581 14.36 13.75 13.35 15.39 15.35 12.57 7.75 4.53 2.95 err = 0.03361
San_Luis_Obispo-Paso_Robles_CA.txt 266849 10.57 14.19 15.88 10.33 13.30 14.70 10.31 6.34 4.37 err = 0.08410
Sandusky_OH.txt 76120 11.41 12.87 10.49 10.71 14.04 16.34 12.00 7.19 4.94 err = 0.23040
Santa_Cruz-Watsonville_CA.txt 257115 12.57 13.99 15.24 11.98 14.07 15.39 9.37 4.25 3.14 err = 0.01440
Santa_Fe_NM.txt 143035 11.67 12.84 10.66 11.87 13.98 16.35 13.45 6.06 3.12 err = 0.01604
Santa_Rosa-Petaluma_CA.txt 477137 12.31 13.59 12.30 12.31 14.00 15.26 10.79 5.44 4.00 err = 0.02778
Sarasota-Bradenton-Venice_FL.txt 699590 9.81 11.33 8.20 9.23 12.41 13.87 15.08 11.81 8.26 err = 2.51751
Savannah_GA.txt 345179 14.18 14.85 15.31 13.27 13.35 12.52 8.82 4.73 2.97 err = 0.03121
Scranton--Wilkes-Barre_PA.txt 560638 10.86 13.13 12.04 11.25 14.22 14.87 10.84 6.90 5.90 err = 0.64000
Seattle-Tacoma-Bellevue_WA.txt 3416570 13.05 13.47 14.11 14.59 15.30 13.87 8.47 4.16 2.99 err = 0.02890
Sebastian-Vero_Beach_FL.txt 137293 10.31 11.96 8.19 9.08 11.94 14.15 14.34 11.81 8.21 err = 2.46490
Sheboygan_WI.txt 115427 12.80 13.81 11.56 12.51 15.08 14.79 8.73 6.15 4.59 err = 0.13201
Sherman-Denison_TX.txt 120740 13.55 14.81 11.17 11.73 13.44 14.36 10.02 6.82 4.10 err = 0.04000
Shreveport-Bossier_City_LA.txt 437265 14.46 14.53 12.65 12.31 13.04 13.97 9.09 6.24 3.70 err = 0.00444
Sioux_City_IA-NE-SD.txt 168182 15.40 15.36 11.95 12.34 13.48 13.22 8.65 5.38 4.22 err = 0.05760
Sioux_Falls_SD.txt 227090 15.04 14.45 14.15 13.71 14.18 12.73 7.61 4.51 3.62 err = 0.00160
South_Bend-Mishawaka_IN-MI.txt 317213 13.49 15.55 12.33 11.62 13.68 14.09 9.27 5.76 4.22 err = 0.05760
Spartanburg_SC.txt 311429 13.66 14.80 11.48 12.52 14.63 13.67 10.00 5.92 3.33 err = 0.00321
Spokane_WA.txt 524079 12.65 14.88 13.91 11.80 13.23 14.31 10.20 5.50 3.52 err = 0.00004
Springfield_IL.txt 209062 13.09 14.38 11.74 11.96 14.36 14.68 9.96 5.55 4.29 err = 0.06934
Springfield_MA.txt 618724 12.32 15.84 13.39 10.74 14.26 13.97 9.59 5.40 4.49 err = 0.10890
Springfield_MO.txt 435171 13.99 13.42 15.26 12.84 12.49 12.77 9.54 5.95 3.74 err = 0.00640
Springfield_OH.txt 137718 11.90 15.20 11.58 10.47 13.49 14.81 10.87 7.28 4.39 err = 0.08801
St_Cloud_MN.txt 186967 13.18 14.67 18.35 11.30 13.93 12.17 8.23 4.66 3.51 err = 0.00001
St_George_UT.txt 137004 18.11 16.61 12.72 11.43 9.48 10.48 9.47 7.31 4.41 err = 0.09201
St_Joseph_MO-KS.txt 126544 13.42 13.92 12.72 12.46 14.50 13.58 9.35 5.71 4.34 err = 0.07840
St_Louis_MO-IL.txt 2778648 13.18 14.34 12.73 12.48 14.62 14.17 9.14 5.55 3.80 err = 0.01000
State_College_PA.txt 154106 9.02 15.91 26.66 10.28 11.93 10.65 7.70 4.67 3.19 err = 0.01068
Stockton_CA.txt 679304 16.30 17.49 13.25 13.16 13.73 11.67 7.23 4.27 2.89 err = 0.04134
Sumter_SC.txt 106457 15.03 14.87 12.91 11.17 14.35 13.43 9.13 6.14 2.97 err = 0.03121
Syracuse_NY.txt 658754 12.29 14.96 13.07 10.86 15.16 14.56 9.42 5.57 4.11 err = 0.04134
Tallahassee_FL.txt 364757 12.06 14.61 20.58 11.81 12.50 12.85 8.75 4.22 2.62 err = 0.08604
Tampa-St_Petersburg-Clearwater_FL.txt 2766912 11.76 13.37 11.33 12.12 14.56 13.57 11.03 7.34 4.92 err = 0.22404
Terre_Haute_IN.txt 172742 12.20 14.48 13.80 11.76 14.44 13.51 9.76 5.99 4.08 err = 0.03738
Texarkana_TX-Texarkana_AR.txt 147644 13.64 14.14 10.95 12.93 13.94 13.74 10.24 6.58 3.84 err = 0.01284
Toledo_OH.txt 606810 13.38 14.61 14.07 11.84 13.61 13.92 9.11 5.40 4.07 err = 0.03610
Topeka_KS.txt 232718 14.46 13.71 11.94 11.37 13.32 14.90 10.08 6.31 3.91 err = 0.01868
Trenton-Ewing_NJ.txt 364563 13.22 14.28 12.64 13.10 14.90 13.68 9.04 5.39 3.74 err = 0.00640
Tucson_AZ.txt 973193 13.18 14.19 13.57 12.03 12.64 13.23 10.57 6.51 4.09 err = 0.03868
Tulsa_OK.txt 935049 14.43 14.91 12.57 12.81 13.68 13.51 9.36 5.41 3.33 err = 0.00321
Tuscaloosa_AL.txt 229403 11.96 16.11 17.51 12.25 12.59 12.86 8.70 4.91 3.12 err = 0.01604
Tyler_TX.txt 208975 15.02 14.44 13.77 11.72 12.84 12.70 9.29 6.35 3.86 err = 0.01440
Utica-Rome_NY.txt 297652 12.00 14.35 11.97 10.73 14.22 14.06 10.91 6.44 5.32 err = 0.36804
Valdosta_GA.txt 139323 14.41 16.58 17.55 12.41 12.93 10.95 7.92 4.70 2.56 err = 0.09818
Vallejo-Fairfield_CA.txt 409791 13.91 14.45 13.46 13.10 14.50 13.83 9.15 4.69 2.89 err = 0.04134
Victoria_TX.txt 93411 16.02 14.53 12.15 11.37 12.84 13.48 9.52 6.74 3.36 err = 0.00218
Vineland-Millville-Bridgeton_NJ.txt 156052 14.68 14.62 12.69 13.36 14.48 12.71 8.70 5.26 3.48 err = 0.00004
Virginia_Beach-Norfolk-Newport_News_VA-NC.txt 1671007 13.26 14.75 14.96 12.83 14.66 13.13 8.53 4.91 2.97 err = 0.03121
Visalia-Porterville_CA.txt 441307 19.14 18.96 13.46 12.98 11.98 10.37 6.84 3.79 2.48 err = 0.11560
Waco_TX.txt 250694 14.09 15.96 15.67 11.76 12.55 12.43 8.43 5.19 3.93 err = 0.02054
Warner_Robins_GA.txt 179342 14.25 15.66 13.07 13.22 14.98 13.39 8.63 4.65 2.16 err = 0.19951
Washington-Arlington-Alexandria_DC-VA-MD-WV.txt 5601422 13.76 13.99 13.60 14.64 15.73 13.35 8.35 4.05 2.52 err = 0.10671
Waterloo-Cedar_Falls_IA.txt 166668 13.24 13.19 16.65 10.44 12.56 13.50 9.54 6.01 4.87 err = 0.20854
Wausau_WI.txt 133630 12.16 14.97 11.55 11.99 15.07 14.33 9.48 6.23 4.23 err = 0.05921
Weirton-Steubenville_WV-OH.txt 123798 10.70 12.65 10.68 10.31 13.66 16.14 11.99 8.60 5.28 err = 0.35204
Wenatchee_WA.txt 110173 14.36 15.00 10.87 11.25 13.13 14.41 10.84 6.06 4.09 err = 0.03868
Wheeling_WV-OH.txt 147182 11.02 12.32 11.08 11.23 13.63 16.02 11.43 8.02 5.26 err = 0.34418
Wichita_Falls_TX.txt 151044 13.56 13.10 15.93 13.00 12.87 12.75 8.77 6.31 3.71 err = 0.00490
Wichita_KS.txt 629292 15.75 15.28 12.59 12.49 13.51 13.46 8.42 4.99 3.51 err = 0.00001
Williamsport_PA.txt 115423 11.48 13.50 12.84 10.46 14.29 15.32 10.11 6.78 5.22 err = 0.32871
Wilmington_NC.txt 253657 12.07 12.99 14.05 13.15 13.67 13.58 11.19 5.99 3.33 err = 0.00321
Winchester_VA-WV.txt 128125 13.46 14.88 10.88 12.64 15.75 13.38 10.17 5.64 3.20 err = 0.01000
Winston-Salem_NC.txt 639142 13.18 14.05 11.30 12.77 15.05 13.87 10.24 5.95 3.59 err = 0.00090
Worcester_MA.txt 912957 12.71 14.71 11.81 12.31 16.09 14.67 8.81 5.00 3.89 err = 0.01690
Yakima_WA.txt 242674 18.20 17.57 12.06 12.28 12.36 11.62 8.18 4.44 3.30 err = 0.00444
York-Hanover_PA.txt 433830 13.07 13.91 10.94 12.31 15.30 14.76 10.08 5.73 3.90 err = 0.01778
Youngstown-Warren-Boardman_OH-PA.txt 563681 11.55 13.64 10.77 10.95 13.81 15.23 11.03 7.27 5.75 err = 0.56250
Yuba_City_CA.txt 166503 16.56 16.15 13.79 12.76 12.69 11.36 8.79 5.03 2.85 err = 0.04694
Yuma_AZ.txt 195049 16.00 18.05 13.11 11.50 12.08 9.49 9.01 7.54 3.21 err = 0.00934
